2.376136
2.373270
2.370410
2.367557
2.364711
2.361871
2.359037
2.356210
2.353389
2.350575
2.347767
2.344966
2.342171
2.339382
2.336600
2.333824
2.331054
2.328290
2.325533
2.322782
2.320037
2.317298
2.314566
2.311840
2.309119
2.306405
2.303697
2.300995
2.298299
2.295609
2.292926
2.290248
2.287576
2.284910
2.282250
2.279596
2.276948
2.274305
2.271669
2.269038
2.266414
2.263795
2.261182
2.258574
2.255973
2.253377
2.250787
2.248203
2.245624
2.243051
2.240484
2.237922
2.235366
2.232816
2.230271
2.227731
2.225198
2.222669
2.220147
2.217630
2.215118
2.212612
2.210111
2.207616
2.205126
2.202641
2.200162
2.197688
2.195220
2.192757
2.190299
2.187847
2.185400
2.182958
2.180522
2.178090
2.175664
2.173243
2.170828
2.168417
2.166012
2.163612
2.161217
2.158827
2.156442
2.154062
2.151688
2.149318
2.146954
2.144594
2.142240
2.139890
2.137546
2.135207
2.132872
2.130542
2.128218
2.125898
2.123583
2.121273
